id;first_name;last_name
1;Magnus;Cassin
2;Ambrose;Hammes
3;Haven;Bruen
4;Lazaro;Williamson
5;Marlon;Ziemann
6;Jarrod;McClure
7;Jocelyn;Walter
8;Enid;Jenkins
9;Faye;Brakus
10;Jerrold;Osinski
